47.26
47.31
47.29
47.31
47.51
47.51
47.49
47.51
47.51
47.41
47.43
47.41
47.51
47.51
47.51
47.41
47.31
47.51
47.53
47.51
47.51
47.51
47.36
47.36
47.36
47.51
47.51
47.51
47.5
47.51
47.56
47.51
47.61
47.61
47.61
47.59
47.59
47.36
47.41
47.51
47.51
47.56
47.56
47.56
47.41
47.46
47.56
47.59
47.59
47.56
47.56
47.41
47.31
47.51
47.51
47.56
47.61
47.61
47.46
47.31
47.51
47.51
47.6
47.53
47.39
47.33
47.31
47.51
47.51
47.51
47.51
47.51
47.41
47.27
47.51
47.55
47.51
47.53
47.51
47.43
47.33
47.56
47.56
47.56
47.5
47.51
47.41
47.31
47.51
47.51
47.51
47.61
47.45
47.51
47.41
47.51
47.53
47.51
47.51
47.56
47.41
47.46
47.51
47.51
47.51
47.46
47.41
47.46
47.31
47.36
47.46
47.51
47.56
47.56
47.56
47.51
47.51
47.51
47.56
47.56
47.41
47.36
47.31
47.46
47.51
47.51
47.55
47.51
47.46
47.41
47.51
47.51
47.51
47.51
47.5
47.41
47.41
47.51
47.52
47.52
47.51
47.51
47.41
47.33
47.51
47.6
47.6
47.51
47.56
47.51
47.51
48.31
49.06
49.11
48.96
48.96
48.91
48.55
48.25
48.86
49.31
49.01
48.95
48.81
48.81
49.11
49.31
48.81
48.43
48.86
49.06
48.69
48.66
48.91
49.04
49.11
49.95
48.63
48.71
48.91
48.95
48.56
48.81
48.81
48.91
48.44
48.81
48.81
48.51
49.03
48.76
49.11
48.81
48.57
49.05
48.73
48.83
48.77
48.65
49.27
48.65
48.82
48.92
49.1
48.96
48.96
48.91
48.85
49.11
49.11
48.81
49.05
48.79
49.21
48.96
48.97
48.91
49.16
48.72
49.35
48.73
48.86
48.81
47.66
47.73
47.67
47.51
47.41
47.58
47.57
47.53
47.57
47.53
47.49
47.34
47.53
47.23
47.04
48.03
48.16
47.89
47.98
48.18
48.47
48.76
48.71
48.45
48.76
48.36
48.81
48.77
49.46
49.46
49.45
49.37
49.26
49.35
49.35
48.75
49.27
49.12
49.54
48.96
48.27
49.15
49.13
48.99
49.24
49.16
49.16
49.21
47.81
47.47
47.45
47.39
47.53
49.14
49.19
49.21
49.15
49.27
49.15
49.05
48.95
49.36
49.11
49.26
49.29
49.23
49.12
48.96
49.33
49.31
49.35
49.2
49.27
49.08
48.95
49.17
49.11
49.05
49.36
49.23
49.21
49.18
49.27
49.19
49.17
49.25
49.02
48.83
48.86
49.11
49.01
48.93
48.99
48.99
48.91
48.81
48.95
48.11
49.07
48.93
48.99
48.91
48.95
48.96
49.04
49
49
49.02
49.05
49.05
48.83
49.03
47.43
48.84
48.77
48.96
49.11
48.41
48.81
48.83
48.66
48.49
48.66
48.61
48.79
48.64
48.93
49.26
48.76
48.73
48.43
48.96
48.79
48.51
48.43
48.61
48.63
48.76
49.05
48.83
48.81
48.21
48.91
48.79
48.21
48.65
48.45
48.61
48.6
48.63
48.45
48.51
48.61
48.56
48.76
48.55
48.53
48.61
48.66
48.81
48.49
48.65
48.6
48.51
48.71
47.91
48.15
48.65
48.63
48.71
48.61
48.66
48.71
47.91
48.25
48.51
48.75
48.61
48.81
48.41
47.96
48.06
48.11
48.08
48.23
48.43
48.29
47.81
48.26
48.51
48.55
48.61
48.87
48.81
48.31
48.23
48.51
48.51
48.41
48.91
48.71
48.43
48.51
48.71
48.61
48.81
48.71
48.71
48.31
48.56
48.59
48.71
48.77
48.68
48.41
48.36
48.51
48.43
48.76
48.51
48.35
48.48
48.43
48.56
48.31
49.11
48.61
48.31
48.51
48.21
48.81
48.31
47.91
47.71
47.86
47.81
47.51
48.41
48.31
48.31
48.31
48.41
48.36
48.31
48.31
48.61
48.66
48.21
48.31
48.41
48.21
48.31
48.21
48.31
48.51
47.51
48.21
48.31
48.51
48.51
48.61
48.81
48.41
48.21
48.21
48.41
48.41
48.41
48.31
48.41
48.21
48.41
48.31
48.41
48.31
48.31
48.21
48.1
47.81
48.31
48.31
48.46
48.21
48.71
48.01
48.05
48.11
48.16
48.41
48.6
48.51
48.56
48.41
48.31
48.36
48.41
48.31
48.46
48.21
48.33
48.41
48.48
48.52
48.81
48.61
48.67
48.35
48.53
49.01
48.41
47.55
48.16
48.31
48.21
48.5
48.61
48.31
48.51
48.27
48.41
48.3
48.37
48.4
49.01
48.61
48.3
48.46
48.41
48.46
48.41
48.36
48.66
48.53
48.57
48.31
48.56
48.44
48.51
48.56
48.51
48.56
48.51
48.59
48.61
48.51
48.36
48.1
48.2
48.36
48.56
48.61
48.53
48.53
48.36
48.31
48.23
48.3
48.38
48.46
48.51
48.46
48.91
48.26
48.32
48.31
48.26
48.63
48.55
48.6
48.51
48.31
48.81
48.36
48.66
48.46
48.31
48.31
48.46
48.46
48.66
48.61
48.36
48.21
48.33
48.31
48.36
48.4
48.21
47.99
48.56
48.56
48.51
48.31
48.51
48.71
48.21
48.21
48.26
48.11
48.29
48.33
48.21
48.17
48.16
48.31
48.31
48.19
48.51
48.76
48.66
48.19
48.09
48.11
48.21
48.21
48.31
48.51
48.46
48.51
48.56
48.79
48.69
48.71
48.61
48.43
48.41
48.71
48.56
48.5
48.61
48.41
48.46
48.41
48.61
48.51
48.64
48.56
48.46
48.31
48.51
48.51
48.51
48.47
48.57
48.41
48.31
47.81
48.07
48.41
48.61
48.79
48.86
48.39
48.16
48.51
48.76
48.71
48.81
48.49
48.36
48.31
48.51
48.81
48.81
48.83
48.91
48.91
48.31
48.46
48.51
48.41
48.36
48.31
48.06
48.21
48.16
48.31
48.51
48.66
48.56
48.46
48.21
48.31
48.41
48.46
48.36
48.96
48.81
48.61
48.61
48.56
48.91
48.86
48.81
48.41
48.01
48.11
48.11
48.21
48.41
48.61
48.34
48.01
48.23
48
48.17
47.01
47.92
47.81
47.66
47.56
48.51
48.56
48.61
48.63
48.63
48.26
48.36
48.44
48.43
48.43
48.54
48.41
48.48
48.61
48.66
48.76
48.71
48.43
48.39
48.04
48.36
48.59
48.71
48.81
48.66
48.66
48.31
48.5
49.41
48.16
49.2
47.39
48.34
49.06
48.23
48.41
48.57
48.7
48.41
47.86
48.11
48.8
48.21
48.59
47.61
48.81
48.36
49.01
48.5
48.06
48.81
48.48
48.35
48.36
48.51
49.13
48.55
48.15
48.09
49.11
48.91
48.36
49.01
48.69
48.78
48.91
49.11
49.11
48.57
48.11
48.21
48.23
48.36
49.01
49.01
48.51
48.66
48.51
48.16
48.01
47.76
48.31
48.99
48.56
48.51
48.41
48.5
48.5
48.2
47.2
49.8
49.31
48.09
48.8
49.21
48.12
48.16
48.53
48.41
48.71
48.73
48.63
48.23
48.15
48.51
48.41
48.35
48.16
48.16
49.06
48.11
48.96
48.81
48.53
48.11
48.01
48.6
49.01
48.21
49.41
48.61
48.41
48.26
48.01
48.56
48.26
48.68
48.34
48.33
48.66
49.29
48.19
48.31
48.31
48.21
48.36
48.11
48.01
48.93
48.61
48.41
48.81
48.72
48.76
48.51
49.14
48.11
48.12
48.91
49.13
49.01
48.61
49.21
48.51
48.71
48.01
49.21
49.31
48.31
48.71
48.51
48.43
48.54
48.89
48.01
48.66
48.25
48.11
48.25
48.46
48.61
48.25
48.11
48.23
48.06
48.26
48.46
48.31
48.11
48.26
47.96
48.24
48.5
48.76
49.09
48.46
48.01
47.34
47.61
47.76
48.02
48.31
48.33
47.73
47.66
47.76
48.21
48.51
48.31
49.11
48.11
47.56
47.66
48.01
48.36
48.45
48.71
47.81
47.43
47.81
48.11
48.51
48.31
49.16
48.16
47.66
47.91
48.21
48.51
48.64
48.86
47.93
47.61
48.06
49.31
49.31
48.86
48.71
48.51
48.21
48.3
48.21
47.94
47.99
48.41
47.71
47.21
47.63
48.31
48.33
48.03
48.46
48.16
47.61
47.65
48.08
48.03
48.06
48.03
47.03
47.33
47.61
47.75
47.85
47.74
47.81
47.21
47.46
47.16
48.03
48.31
48.41
48.46
47.91
47.64
48.36
48.26
48.31
48
47.85
47.76
47.51
48.03
48.11
47.97
47.71
47.61
48.03
47.86
47.81
47.91
47.7
47.75
47.34
47.19
47.17
47.74
47.51
47.42
47.66
47.71
47.91
48.06
48.06
47.93
48.56
48.69
48.71
48.21
48.19
48.21
48.11
48.35
48.31
48.29
48.1
47.86
48.61
49.26
48.52
48.11
48.61
48.23
47.81
48.11
48.55
47.81
48.73
48.06
47.73
47.41
48.44
48.3
48.61
49.06
48.91
48.51
48
48.57
48.31
48.35
48.23
47.91
47.51
48.46
47.03
47.57
48.62
48.11
47.03
47.56
47.64
48.45
48.18
48.02
47.83
46.96
48.41
47.61
48.51
47.67
47.95
47.85
48.56
48.92
49.11
48.69
49.01
48.69
49.11
48.922
48.81
47.5
47.31
47.06
47.36
47.43
47.43
47.24
47.45
47.41
47.43
48.01
47.81
47.57
48.14
47.56
48.51
47.71
47.62
47.46
47.26
48.43
48.81
49.01
48.91
49.23
48.79
48.33
48.4
48.8
48.51
49.95
49.6
49.6
49.75
49.88
49.85
49.5
49.55
49.3
49.78
49.8
49.6
49.2
49.68
49.05
49.3
49.8
49
49.62
49.64
49.4
49.44
49.2
49.45
49.97
49.7
49.58
49.2
49.313
49.1
49.3
49.52
49.5
49.4
49.25
49.4
49.6
49.2
49.4
49.6
49.45
49.43
49.45
49.8
49.4
49.4
49.6
49.75
49.4
49.6
49.4
49.5
49.88
49.64
50.1
49
49.5
49.52
49.4
49.7
49.35
49.2
49.1
49.42
49.04
49.4
49.62
49.5
49.45
49.64
49.6
49.46
49.34
49.2
49.4
49.5
49.3
49.22
49.52
49.44
49.19
49.38
49.3
49.4
49.3
49.2
49.3
49.5
49.4
49.7
49.1
49.09
49.3
49.35
49.43
49.32
49.68
49.62
49.58
49.7
49.6
49.42
49.62
49.55
49.65
49.35
49.42
49.76
49.7
49.46
49.2
49.5
49.86
49.22
49.42
49.3
50
49.5
49.65
49.64
48.08
49.64
48.75
49.1
49.62
49.6
49.24
49.52
49.62
49.56
49.24
49.08
49.52
49.64
49.4
49.62
49.73
49.55
49.4
49.58
49.48
49.45
49.6
49.43
49.64
49.3
49.2
49.3
49.28
49.4
49.55
49.4
49.5
49.8
49.36
49.34
49.3
49.72
49.25
49.3
49.4
49.4
49.1
49.6
49.44
49.08
49.2
49.4
49.28
49.1
49.7
49
49.5
49.48
49.6
49.7
49.6
49.25
49.2
49.4
49.4
49.55
49.48
49.4
49.55
49.38
49.28
49.4
49.6
49.72
49.4
49.5
49.35
49.1
49.3
49.4
49.1
49.25
49.5
49.25
49.2
49.34
49.1
49.1
49.4
49.35
49.28
49.2
49.24
49.48
49.3
49.4
49
49.26
50
49.2
49.35
49.32
48.74
49.3
49.53
49.64
49.56
49.37
49.74
49.72
50
49.92
50
49.48
49.94
49.12
49.8
49.87
49.82
49.48
49.97
49.1
49.57
49.05
49.14
48.9
48.8
48.8
48.9
48.86
49.65
49.28
49.58
49.4
49.8
49.7
49.53
49.44
49.2
49.48
49.45
49.46
49.55
49.48
49.5
48.85
49.6
49.4
49.6
49.44
49.3
49.2
49.24
49.65
49.6
49.55
49.3
49.68
49.78
49.64
49.5
49.62
49.75
49.7
49.4
49.18
49.4
49.6
49.4
49.18
49.1
49.22
49.5
49.5
49.3
49.7
49.2
49.6
49.62
49.7
49.3
49.8
49.5
49.6
49.2
49.7
49.7
49.78
49.8
49.64
49.85
49.45
49.15
49.5
49.55
49.3
49.63
49.65
49.42
49.3
49.5
49.44
49.48
49.45
49.52
49.4
49.6
49.5
49.62
49.6
49.38
49.35
49.45
49.5
49.45
49.22
49.8
49.32
49.4
48.3
47.91
47.88
48.22
48.86
47.81
47.86
49.5
49.51
48.91
47.86
49.35
49.17
49.31
48.96
49.2
48.54
49.2
49.3
49.11
48.8
48.98
48.6
48.13
48.11
48.02
48.31
49.23
48.4
47.9
48.65
48.84
49.44
49.23
49.55
48.42
48.65
48.7
48.82
48.7
48.55
49.12
48.8
49.3
49.4
48.72
48.54
48.45
48.5
48.6
48.48
48.2
49.2
49.32
49.05
48.2
48.12
49.38
48.95
48.77
48.9
48.52
48.32
49.32
49.1
49.24
48.98
48.7
48.3
49
48.8
48.48
48.4
48.2
48.55
48.68
48.5
48.94
49.06
48.45
49.34
49
48.9
49.1
49.05
48.5
48.4
48.2
48.3
48.62
49.25
48.94
49.4
49.38
49.2
49.05
49.35
49.4
49
48.98
48.96
48.68
48.35
49
48.2
49.4
49.15
48.6
48.2
48.6
49.05
48.35
48.35
48.72
48.9
49.3
49.4
48.67
48.48
47.6
48.15
49
48.45
47.9
48.4
49.1
48.74
48.3
48.9
48.3
48
48.2
48.1
48.2
48.68
48.75
48.12
48.4
48.45
48.15
48.165
48.18
48.68
49.15
48.34
48.44
48.25
48.62
48.77
48.905
49.04
49.45
49.23
49.1
49.3
49.2
49.38
49.5
48.6
49.72
49.16
48.6
48.08
48.58
48.4
48.06
48.38
48.14
48.4
48.25
48
47.9
48.08
48
48.68
48.32
48.6
48.57
48.54
48.53
49
48.86
48.1
48.7
49.5
48.45
48.65
49.2
48.25
49.1
49.05
48.3
48.8
48.08
48.2
48
47.9
48.28
49.28
48.96
48.3
49.2
48.65
49.1
49.2
49.12
48.75
48.88
48.6
48.45
48.74
49.05
49.3
49.4
48.68
48.8
48.6
48.58
48.7
49.15
48.7
48.75
48.8
49.05
48.62
48.65
48.84
48.82
48.8
48.87
48.6
48.3
48.8
48.09
48.95
49.07
49
48.55
48.8
49.05
48.45
48.48
48.305
48.25
48.2
48.4
48.55
48.8
48.4
48.1
48.25
49.18
48.51
48.68
48.8
48.65
48.85
48.4
48.52
49
49.22
48.5
48.6
49.3
49.08
49.3
49
49.15214286
49.18595238
49.2197619
49.05
48.8
48.9
49.39
48.55
48.5
48.65
48.8
48.62
48.6
48.8
48.85
48.715
48.58
49.14
49.7
49.5
48.45
48.68
48.9
48.525
48.15
48.4
48.95
48.73
48.73
49.08
48.95
49.02
48.92
49.02
49.2
48.65
49.02
48.5
49.44
48.45
49.38
48.54
48.75
49.43
49.22
49.15
48.9
49.43
48.95
49.25
48.72
49.1
49.35
49.4
49.46
48.8
48.8
48.8
49.02
49.14
49.24
48.94
49.02
49.1
48.84
49.2
48.88
48.98
49.22
49.1
49.95
48.88
49.05
49.3
49.41
48.5
48.7
48.75
49.2
49.5
49.1
48.68
48.8
48.65
48.55
49.35
48.78
48.5
48.5
48.6
49.3
48.08
49.25
48.82
48.48
49.3
48.75
48.75
48.4
49.08
49.38
48.3
48.48
48.62
49.05
48.78
48.85
48.9
48.6
49.2
48.85
48.55
48.6
48.75
48.8
49.3
48.98
48.85
48.6
48.72
48.7
48.75
48.62
48.4
48.85
49.05
48.95
49.1
49.4
49.42
48.98
48.86
49
49.1
49.25
49.08
48.72
48.83
48.81
48.5
49.4
48.75
48.95
48.55
49.4
48.6
48.7
49
48.92
48.7
48.6
48.12
49.12
48.8
49.02
49.1
48.98
48.9
48.83
48.73
48.69
48.73
48.81
48.83
48.67
49.16
48.85
48.6
48.64
48.6
49
48.66
48.43
48.94
49.03
49.16
48.67
49.4
49.16
49.02
48.65
48.85
48.93
49.18
48.55
48.98
48.62
48.76
48.68
48.75
48.64
48.74
48.45
48.36
48.8
48.85
48.4
49.7
48.4
48.5
48.6
49.2
49.6
49.2
48.8
48.9
48.6
48.65
48.7
48.4
49
49.4
49
48.6
48.4
48.75
48.8
49
48.75
48.6
49.45
48.7
48.52
48.98
48.9
49.04
48.65
48.6
49.2
48.73
48.6
49.22
48.9
49.03
49
48.8
48.88
49.28
49.14
49.2
49.3
48.33
49.04
48.86
49.05
49.5
49.26
48.75
49.1
49.26
49
49.55
49.7
49.8
48.5
48.9
48.4
49.54
48.92
49.25
49.32
48.75
48.8
48.65
49.5
49.6
48.8
48.66
49.3
48.6
48.4
48.7
49.3
49.3
49.3
48.6
48.4
48.65
49.7
48.9
49.6
49.15
49.35
49.4
49.04
49.04
49.1
49
49.1
49.28
49
48.6
49.5
49.3
49.2
49.2
49.1
48.9
49.75
49.08
49.5
49.8
49.6
49.1
49.25
49.4
49.53
49.65
49.3
49.7
49.74
49.57
49.55
49.35
49.3
49.6
49.71
48.82
49.73
49.32
49.2
49.3
49.25
49.2
49.28
49.2
49.2
49.45
49.4
49.22
49.62
49.8
49.32
49.42
49.22
49.52
49.62
49.22
49.4
49.32
49.34
49.25
49.3
49
49.1
49.3
48.98
49.5
49.48
49.3
49.3
49.6
49.48
48.8
49.2
49.42
49.4
49.2
49.48
49.25
49
49
49.15
48.96
49.38
49.26
49.56
49.1
49.3
49.24
48.9
49.4
49.6
49.66
49.3
49.4
49.45
49.26
49.35
49.22
49.4
49.48
49.05
49.1
48.96
49.35
49.3
49.4
49.3
49.25
49.45
49.74
49.36
49.32
49.25
48.9
49.29
49.45
49.1
49.45
49.4
49.48
49.25
49.18
49.35
49.88
49.4
49.52
49.6
49.46
49.6
49.62
49.52
49.3
49.2
49.1
49.4
49.1
49.65
49.28
49.89
49.65
49.6
49.38
49.6
49.4
49.4
49.45
49.53
49.5
49.565
49.603
49.94
49.4
49.75
49.75
49.6
49.55
49.7
49.5
49.3
49.5
49.6
49.6
49.6
49.32
49.3
49.58
49.3
49.42
49.3
49.24
49.6
49.7
49.6
49.64
49.1
49.64
49.72
49.64
49.7
49.72
49.88
49.62
49.3
49.5
49.55
49.48
49.6
49.25
49.74
49.9
49.2
49.65
49.75
49.2
49.6
49.6
49.6
49.78
49.35
49.68
51.8
49.2
49.35
49.3
49.3
49.35
49.12
49.35
49.42
49.55
49.7
49.31
49.95
49.6
49.6
49.75
49.88
49.85
49.5
49.55
49.3
49.78
49.8
49.6
49.2
49.68
49.05
49.3
49.8
49
49.62
49.64
49.4
49.44
49.2
49.45
49.97
49.7
49.58
49.2
49.1
49.3
49.52
49.5
49.4
49.25
49.4
49.6
49.2
49.4
49.6
49.45
49.43
49.45
49.8
49.4
49.4
49.6
49.75
49.4
49.6
49.4
49.5
49.88
49.64
50.1
49
49.5
49.52
49.4
49.7
49.35
49.2
49.1
49.42
49.04
49.4
49.62
49.5
49.45
49.64
49.6
49.46
49.34
49.2
49.4
49.5
49.3
49.22
49.52
49.44
49.19
49.38
49.3
49.4
49.3
49.2
49.3
49.5
49.4
49.7
49.1
49.09
49.3
49.35
49.43
49.32
49.68
49.62
49.58
49.7
49.6
49.42
49.62
49.55
49.65
49.35
49.42
49.76
49.7
49.46
49.2
49.5
49.86
49.22
49.42
49.3
50
49.5
49.65
49.64
48.08
49.64
48.75
49.1
49.62
49.6
49.24
49.52
49.62
49.56
49.24
49.08
49.52
49.64
49.4
49.62
49.73
49.55
49.4
49.58
49.48
49.45
49.6
49.43
49.64
49.3
49.2
49.3
49.28
49.4
49.55
49.4
49.5
49.8
49.36
49.34
49.3
49.72
49.25
49.3
49.4
49.4
49.1
49.6
49.44
49.08
49.2
49.4
49.28
49.1
49.7
49
49.5
49.48
49.6
49.7
49.6
49.25
49.2
49.4
49.4
49.55
49.48
49.4
49.55
49.38
49.28
49.4
49.6
49.72
49.4
49.5
49.35
49.1
49.3
49.4
49.1
49.25
49.5
49.25
49.2
49.34
49.1
49.1
49.4
49.35
49.28
49.2
49.24
49.48
49.3
49.4
49
49.26
50
49.2
49.35
49.32
48.74
49.3
49.53
49.64
49.56
49.37
49.74
49.72
50
49.92
50
49.48
49.94
49.12
49.8
49.87
49.82
49.48
49.97
49.1
49.57
49.05
49.14
48.9
48.8
48.8
48.9
48.86
49.65
49.28
49.58
49.4
49.8
49.7
49.53
49.44
49.2
49.48
49.45
49.46
49.55
49.48
49.5
48.85
49.6
49.4
49.6
49.44
49.3
49.2
49.24
49.65
49.6
49.55
49.3
49.68
49.78
49.64
49.5
49.62
49.75
49.7
49.4
49.18
49.4
49.6
49.4
49.18
49.1
49.22
49.5
49.5
49.3
49.7
49.2
49.6
49.62
49.7
49.3
49.8
49.5
49.6
49.2
49.7
49.7
49.78
49.8
49.64
49.85
49.45
49.15
49.5
49.55
49.3
49.63
49.65
49.42
49.3
49.5
49.44
49.48
49.45
49.52
49.4
49.6
49.5
49.62
49.6
49.38
49.35
49.45
49.5
49.45
49.22
49.8
49.32
49.4
49.4
49.4
49.48
49.48
49.08
49
49.62
49.3
48.7
49.22
49.18
49.28
49.2
49.58
49.3
49.46
49.04
49.19
49.08
49.4
49.4
49.28
49.46
49.3
49.5
49.1
49
49.3
49.38
49.65
49.48
49.66
49.6
49.12
49.7
49.32
49.5
49.4
49.5
49.4
49.68
49.6
49.4
49.2
49.73
49.78
49.2
48.94
49.05
49.05
49.92
49
49.64
49.25
49.3
49.3
49.35
49.12
49.25
49.55
49.72
49.6
49.62
49.68
49.7
50.02
49.82
49.58
49.3
49.32
49.8
49.24
49.82
49.48
49.02
48.92
49.2
49.9
49.7
49.28
49.27
49.08
49.32
49.2
49.22
49.73
49.73
49.25
49.28
49.93
50
50
50
48.6
49.74
50.05
49
49.4
49.78
49.85
49.1
49.6
49.3
49.25
49.5
49.05
48.9
49.4
50
49.66
49.9
49.66
49.99
49.75
49.5
50.04
49.9
49.6
50.1
49.1
50.05
49.52
49.35
49.97
49.48
49.8
49.8
49.52
49.8
50
49.73
49.3
49.7
50
49.62
49.7
49.63
49.8
49.5
49.42
49.64
49.74
49.5
50.1
49.49
49.85
49.5
49.73
49.48
50.1
49.7
49.2
50.03
49.65
49.7
49.88
50.15
49.95
50
50.05
49.88
50.12
50
49.88
50.03
50.12
50.12
49.5
49.8
49.85
49.55
49.88
49.9
49.74
49.78
50.03
49.94
49.35
49.75
49.6
49.62
49.5
49.55
49.3
49.82
49.97
49.6
49.74
49.45
49.6
48.94
49.62
49.55
50.1
49.68
49.53
49.38
49.52
49.38
49.5
49.4
49.6
49.55
49.35
49.5
49.55
49.5
49.35
49.62
49.48
49.04
49.08
48.55
49.42
49.42
49.48
49.48
49.35
49.38
49.27
49.3
49.54
49.4
49.2
49.5
49.45
49.35
49.4
49.5
49.48
49.4
49.5
49.47
49.45
49.4
49.68
49.35
49.5
49.42
49.15
48.9
49.7
49.42
49.7
49.47
49.5
49.6
49.88
49.85
49.48
49.78
50.08
49.7
49.98
49.47
49.13
49.75
49.78
49.52
49.4
49.38
49.52
49.34
49.78
49.55
49.12
49.45
49.8
49.75
49.48
49.95
49.74
49.04
48.92
49.74
49.82
49.73
49.75
49.7
49.7
49.6
49.75
49.85
49.53
49.29
49.05
49.65
49.72
49.53
49.45
49.25
49.4
49.35
49.23
49.1
49.04
49
49
49.12
49.05
49.12
49.8
49.14
49.8
49.88
49.85
49.8
49.95
49.34
49.27
49.4
50.4
49.3
49.65
49.28
49.62
49.6
49.65
49.32
49.35
49.5
49.6
49.52
49.72
49.3
49.48
48.8
49.92
49.45
49.8
49.5
48.87
49
50
49.4
49.32
49.04
49.22
49.12
49.1
49.94
49.9
49.83
49.85
50.24
49.94
49.8
49.78
49.82
50.12
50
49.77
49.7
49.52
49.9
49.8
49.75
50
49.44
49.75
49.55
49.64
49.75
49.55
49.52
49.65
49.51
49.37
49.42
49.52
49.5
49.52
50.07
49.4
49.43
49.74
50.07
49.88
50.12
50.12
49.84
50.2
49.48
50.08
49.46
49.57
49.6
49.49
49.37
49.75
49.65
50.14
50.03
49.73
50.05
49.48
49.63
50.04
49.43
49.43
49.32
50.3
49.86
49.92
50.41
49.79
50.03
49.86
50.57
49.82
49.74
49.74
49.64
49.48
49.63
49.54
49.56
50.53
49.46
49.98
49.84
49.65
49.71
49.71
49.63
49.7
49.82
49.7
50.2
49.8
49.62
49.25
49.8
49.52
50
49.46
49.35
49.4
50.2
50.3
50
50.1
49.45
49.48
49.6
50.6
50.1
50.1
49.2
50.05
49.24
50.05
49.34
50.3
50.22
50.345
49.52
50.53
50.22
50.55
50.83
50.03
50.8
50.4
50.48
50.5
50.7
50.38
50.68
50.33
50.4
50.64
50.58
50.24
50.53
50.5
50.52
50.52
50.5
50.28
50.82
50.1
50.46
50.44
50.33
50.64
50.66
50.6
50.68
50.58
50.44
50.58
50.62
49.7
50.08
49.45
49.83
50.12
49.82
49.62
50.65
49.42
50.28
50.32
50.3
49.8
50
49.9
49.1
49.1
49.2
49.1
50.65
50.08
50.4
50.28
49.32
50.83
50.44
50.86
50.57
50.75
49.9
50.12
50.4
49.63
50.62
50.36
50.22
50.45
50.62
50
50.76
50.9
50.55
50.28
50.22
50.32
50.4
50.8
50.72
49.8
50.63
49.6
50
50.74
50.74
50.5
50.8
50.38
50.87
50.43
49.99
49.45
49.36
50.3
50.43
50.7
49.96
50.27
50.12
50.56
50.73
50.4
50.6
50.37
50.42
49.82
50.54
50.35
50.53
50.05
49.3
49.85
49.8
49.65
50.6
49.8
49.42
49.4
49.8
49.3
49.35
49.68
49.4
49.65
49.8
49.64
49.74
49.23
50.1
49.44
49.28
49.2
49.275
49.35
50.46
50.52
49.38
49.69
50
49.7
49.23
50.22
50.2
49.97
49.5
49
49.88
50.72
50.2
49.6
49.7
49.49
49.62
49.75
49.83
49.64
49.8
48.75
48.94
49.8
49.25
49.52
48.95
49.15
49.32
49.2
49.27
49.32
49.7
49.44
48.63
49.37
49.34
50.64
49.02
50.35
50.24
49.98
49.9
50.24
50.5
49.93
49.93
49.48
49.74
49.7
49.92
49.5
49.5
49.82
49.7
49.26
50.2
49.72
49.67
49.6
49.97
48.97
49.75
49.6
49.5
49.64
49.7
49.6
49.82
49.52
49.5
49.63
49.52
49.65
49.44
49.55
49.76
49.62
49.98
50.54
50.02
50.24
50.7
50.02
50.42
49.92
49.38
49.83
50.05
50.15
50.3
50.15
49.98
50.25
50.8
50.58
50.36
49.89
49.92
50.7
50.4
50.67
50.48
50
50.02
50.42
50.55
50.43
50.8
50.98
50.94
51.13
49.82
50.52
50.38
50.75
50.5
50.65
50.35
50.47
50.42
50.54
50.32
50.75
50.12
50.54
50.2
50.22
50.6
50.3
50.64
50.66
50.4
49.5
49.52
49.9
50.1
49.2
50.1
50.1
50.08
50.05
49.8
49.9
49.75
49.62
50.2
49.6
50.3
49.72
50.25
49.7
49.68
50.28
50.32
49.5
49.25
50.4
49.75
50.2
50
50.1
50.6
50.55
50.8
50.82
49.75
49.7
50.53
50.42
50.48
50.52
50.75
50.13
50.34
50.56
50.76
50.72
50.35
50.53
50.2
50.35
50.52
50.52
50.36
50.34
50.2
50.52
50.32
50.53
50.3
50.18
50.22
50.15
49.3
49.8
49.3
49.15
49.3
50
50
50.5
50.5
49.9
49.85
50.12
50.6
50.62
50.8
50.3
50.32
49.8
50.1
50.13
50.3
49.95
49.78
49.75
49.92
49.55
50.15
50.065
49.98
50.15
49.3
49.92
49.58
50.57
50.2
50.8
50.2
50.3
49.98
49.7
50.3
50.14
50.25
49.9
49.7
50.3
49.6
50
49.6
49.88
50.12
49.7
50.1
50.2
49.6
50.35
49.78
50.44
50.44
50.42
50.22
50.13
50.25
50.3
49.98
50.2
50.19
50.17
50.26
50.2
49.62
49.86
50.25
50.1
49.9
49.94
50
49.55
49.94
49.72
49.7
50
50
49.82
49.73
49.9
50.04
50.12
50.22
50.22
49.98
49
50.14
49.82
50.2
49.6
50.12
50.15
49.7
50.02
50.17
50.05
50.1
50.08
49.6
49.8
49.5
50.2
49.9
49.97
49.82
50.2
50.23
50.05
50.05
50.22
50.1
50.1
50.2
50.08
50.4
49.05
49.75
50.2
50.49
49.76
50.1
50
49.5
49.6
50
50.35
49.8
49.4
49.5
49.48
49.9
49.6
49.48
49.8
49
48.97
49.3
49.26
49.3
49.4
49.8
49.82
49.84
50.1
49.7
49.72
50.06
49.5
49.85
49.95
49.6
50
49.82
49.85
49.88
49.18
49.65
50.15
49.86
50.12
50.08
50.08
50.1
49.6
50.12
50.2
50.15
50.1
50.08
49.98
49.6
49.72
49.54
49.66
49.65
49.6
49.78
49.5
49.4
48.9
49.4
49.2
49.25
49.42
49.4
49.1
49.34
49.82
49.4
49.98
49.7
49.8
49.4
49.35
49.4
49.94
49.6
49.1
49.3
50.05
49.78
50.22
49.22
49.9
49.12
49.9
50.17
49.9
50.1
50.1
50.3
50.15
49.3
49.475
49.65
50.4
50.58
50.02
49.8
49.82
50
50.24
49.8
49.82
49.5
49.3
49.65
49.88
49.98
49.9
49.8
49.8
49.75
49.4
49.4
49.9
49.75
49.8
49.98
49.93
49.05
49.4
49.5
49.89
49.05
49.56
49.4
49.1
49.9
49.82
49.98
49.92
49.92
49.82
49.7
49.67
49.1
49.42
50
49.87
49.44
49.9
49.75
49.34
49.92
49.84
49.32
49.08
49.9
50.1
50.26
49.9
50.37
50.1
49.73
49.9
50.2
49.84
50.5
50.29
50.14
50.1
50.29
50.47
50.2
50.53
50.38
50.48
49.8
49.9
49.55
49.32
49.35
49.66
49.22
49.7
49.83
49.92
49.5
49.52
49.9
50.1
49.2
50.1
50.1
50.08
50.05
49.8
49.9
49.75
49.62
50.2
49.6
50.3
49.72
50.25
49.7
49.68
50.28
50.32
49.5
49.25
50.4
49.75
50.2
50
50.1
50.6
50.55
50.8
50.82
49.75
49.7
50.53
50.42
50.48
50.52
50.75
50.13
50.34
50.56
50.76
50.72
50.35
50.53
50.2
50.35
50.52
50.52
50.36
50.34
50.2
50.52
50.32
50.53
50.3
50.18
50.22
50.15
49.3
49.8
49.3
49.15
49.3
50
50
50.5
50.5
49.9
49.85
50.12
50.6
50.62
50.8
50.3
50.32
49.8
50.1
50.13
50.3
49.95
49.78
49.75
49.92
49.55
50.15
50.065
49.98
49
49.23
49.8
49.44
50.04
49.82
49.7
49.25
49.52
50.04
49.62
50.32
48.57
49.52
49.5
49.67
49.24
49.93
49.86
50.04
49.8
50.12
49.6
49.43
49.51
50.02
49.53
49.62
49.64
49.84
49.66
49.3
49.5
49.44
49.68
50.1
49.7
49.68
49.65
49.84
49.5
48.72
49.85
49.9
49.63
49.76
49.58
49.22
49.84
50.1
50.6
50.4
50.42
50.25
50.7
50.08
49.85
50.7
50.1
50
50.24
50.08
49.49
49.94
50.2
50.48
49.8
50.5
49.5
50.48
50.65
50.38
50.02
50.1
50.3
50.1
50.3
50.15
50.8
50.84
50
50.9
50.15
50.48
50.1
50.2
50.36
50.4
50.58
50.1
50.3
49.49
49.95
50.32
50.82
50.024
49.89
50.08
50.2
50.72
50.56
49.9
50.2
50.58
49.37
50.52
49.98
50.38
50.35
49.96
49.5
49.2
49.4
49.82
50.1
50.58
50.52
49.2
49.32
50.25
50.35
49.6
49.8
50.02
50.24
49.8
49.8
49.83
50.04
50.04
50.04
49.78
49.3
49.8
50
50.03
49.82
49.7
49.65
49.4
49.1
50.35
49.84
49.95
49.8
49.5
49.8
49.65
49.35
50.08
49.9
49.8
49.56
49.5
49.5
49.56
49.62
49.78
49.6
49.5
49.56
50.38
50.3
50.5
50.1
49.9
49.8
49.62
50.05
51.6
51.6
51.6
51.95
51.85
51.9
50.5
49.95
50.05
49.97
49.97
49.84
49.9
49.8
49.85
49.85
49.9
50.03
50.03
49.7
49.82
49.78
49.6
49.88
49.72
49.48
49.6
49.6
50
50.26
49.96
49.4
49.8
50.26
49.3
49.25
49.05
49
49.65
49.385
49.43
49.475
49.88
49.78
49.75
49.52
49.55
49.45
49.58
49.75
49.86
49.2
50.76
50.8
50.65
50.05
50.3
50.5
50.57
50.66
50.6
49.75
49.7
49.3
49.77
49.08
48.8
50.05
49.4
48.7
49.7
50.2
50.7
50
50.4
49.8
49.76
50.3
50.6
50.02
50.3
50.78
49.62
50.3
50.8
49.15
50.5
50.15
50.2
49.6
49.6
49.72
50.1
50.42
49.9
50.2
49.6
50
50.1
49.65
49.76
49.76
50.1
50.22
50.22
50.5
49.72
49.35
50
50.53
50
50.4
50.25
49.9
50.2
50.25
50.15
50.34
49.8
50.22
50.2
50.55
50.52
50.6
50.6
50.7
51.1
51
50.65
50.2
50
49.9
49.8
49.85
50.85
50.3
50.45
50
49.62
49.45
50.1
50.75
50.8
50.25
50.63
49.6
49.6
49.5
49.5
50.5
50.45
50.32
49
50.82
49.8
50.36
50.55
50.22
49.85
50
50
50.6
49.98
50.2
50.6
50
49.75
50
50.4
50
49.9
50
50.6
50.45
50.2
50.15
49.8
49.6
50.42
50.62
50.1
49.73
49.82
50.8
50.8
49.72
50.08
50.43
49.85
50.44
50.1
50.62
50.58
50.05
50.68
49.72
50.32
49.83
50.92
49.92
50.62
50.5
50.82
50.32
50.25
49.82
50.6
49.83
49.83
50.27
50
50.2
50.22
49.78
49.6
49.7
49.5
49.7
50.87
50.62
50.5
50.1
49.65
50
50.15
49.78
50.15
50
50.4
49.4
49.9
50.28
50.72
50.08
50.1
50.3
49.45
50.12
50.4
50.18
50.6
50.22
50.3
49.5
49.8
50
49.68
50.2
49.6
50.4
50.28
50.2
50.8
50
50.05
50.18
49.88
49.8
49.7
50.48
49.5
50.15
50.1
50.18
50.25
50.28
50.22
50.5
49.8
49.9
50.1
49.7
50.5
49.6
50.09
49.8
51.4
49.6
49.8
50.4
51.15
50.8
49.95
50.2
51.1
49.25
50.5
50.3
50.15
50.74
51
51
51.14
50.12
50.42
50.82
49.6
49.8
50.5
49.8
50.9
51.12
51
50.9
51
50.5
49.5
50.7
49.45
49.8
50.15
49.62
50.2
49.58
49.66
50.3
51
50.98
50.92
50.82
50
50.54
50.72
49.65
49.65
49.8
50.32
49.93
49.7
50.33
49.9
50.74
50.74
50.6
50.8
49.42
51
50.8
51.05
51.05
50.84
50.97
50.72
51.15
50.6
51.02
50.83
50.9
50.4
50.1
51.05
50.32
50.05
50.15
50.62
50.05
50
50.2
50.4
50.45
50.6
50.45
50.45
50.8
50.45
50.65
50.5
50.4
50.44
50.4
50.45
50.4
50.6
50.4
49.82
50.73
50.98
50.62
50.7
50.77
50.9
50.88
50.88
50.6
50.9
50.72
50.5
50.6
50.55
50.73
51
50.7
50.68
50.75
50.35
50.38
50.56
50.5
50.78
50.64
50.56
50.35
50.42
50.1
49
49.85
49.85
50.68
50.82
50.55
50.28
51
50.24
50.3
50.28
50.2
50.04
49.98
50.6
50.32
50.04
50.6
50.65
50.65
50.8
50.85
50.35
50.4
50.55
50.6
50.45
50.4
50.54
50.35
50.5
50.6
50.6
49.8
50.28
50.8
50.78
50.72
50.5
50.72
50.33
50.4
50.8
50.63
50.83
50.7
50.72
50.42
50.7
50.9
50.8
50.82
50.72
50.82
49.9
49.98
50.5
50.88
50.6
50.5
50.62
50.1
50.2
50.4
50.47
50.8
50.1
49.75
49.5
50
50
49.6
50
49.8
49.85
49.8
49.8
50.1
50
49.4
49.5
49.3
49.5
49.9
50.1
49.5
49.8
49.72
49.6
49.12
50
50.1
50.04
49.8
49.9
49.8
49.9
49.92
50.1
50.35
50.1
49.6
50.05
49.8
50.02
49.82
50
49.66
49.2
49.74
49.88
49.8
49.6
49.76
49.82
49.9
49.8
49.77
49.3
49.15
49.54
49.8
49.7
49.55
49.9
49.8
50.25
50.4
50.6
50.5
50.7
49.94
50.58
50.6
50.44
50.15
49.7
50.45
50.65
50.35
50.62
50.7
50.6
50.32
50
50.1
49.9
50
49.7
50
49.74
49.76
50.05
49.98
50.12
49.49
49.3
49
49
49.23
49.8
49.44
50.04
49.82
49.7
49.25
49.52
50.04
49.62
50.32
48.57
49.52
49.5
49.67
49.24
49.93
49.86
50.04
49.8
50.12
49.6
49.43
49.51
50.02
49.53
49.62
49.64
49.84
49.66
49.3
49.5
49.44
49.68
50.1
49.7
49.68
49.65
49.84
49.5
48.72
49.85
49.9
49.63
49.76
49.58
49.22
49.84
50.1
50.6
50.4
50.42
50.25
50.7
50.08
49.85
50.7
50.1
50
50.173
50.08
49.94
49.94
50.2
50.48
49.8
50.5
49.5
50.48
50.65
50.38
50.02
50.1
50.3
50.1
50.3
50.15
50.8
50.84
50
50.9
50.15
50.48
50.1
50.2
50.36
50.4
50.58
50.1
50.3
49.49
49.95
50.32
50.82
50.24
49.89
50.08
50.2
50.72
50.56
49.9
50.2
50.58
49.37
50.52
49.98
50.38
50.35
49.96
49.5
49.2
49.4
49.82
50.1
50.58
50.52
49.2
49.32
50.25
50.35
49.6
49.8
50.02
50.24
49.8
49.8
49.83
50.05
50.05
50.05
49.78
49.3
49.8
50
50.03
49.82
49.7
49.65
49.4
49.1
50.35
49.84
49.95
49.8
49.5
49.8
49.65
49.35
50.08
49.9
49.8
49.56
49.5
49.5
49.56
49.62
49.78
49.6
49.5
49.56
50.38
50.3
50.5
50.1
49.9
49.8
49.62
50.05
51.6
51.6
51.6
51.95
51.85
51.9
50.5
49.95
50.05
49.97
49.97
49.84
49.9
49.8
49.85
49.85
49.9
50.03
50.03
49.7
49.82
49.78
49.6
49.88
49.72
49.48
49.6
49.6
50
50.26
49.96
49.4
49.8
50.26
49.3
49.25
49.05
49
49.65
49.385
49.43
49.475
49.88
49.78
49.75
49.52
49.55
49.45
49.58
49.75
49.86
49.2
50.76
50.8
50.65
50.05
50.3
50.5
50.57
50.66
50.6
49.75
49.7
49.3
49.77
49.08
48.8
50.05
49.4
48.7
49.7
50.2
50.7
50
50.4
49.8
49.76
50.3
50.6
50.02
50.3
50.78
49.62
50.3
50.8
49.15
50.5
50.15
50.2
49.6
49.6
49.72
50.1
50.42
49.9
50.2
49.6
50
50.1
49.65
49.76
49.76
50.1
50.22
50.22
50.5
51
51.05
50.8
51.2
50.5
50.7
50.8
50.8
50.4
50.93
50.83
50.8
50.75
50.7
50.45
50.7
50.85
50.8
50.95
50.6
50.8
50.7
51.2
50.7
51
51
50.6
51
50.6
51.2
50.85
50.66
50.9
50.92
50.97
50.9
50.66
51.2
51.36
50.95
51.2
51.22
51
50.68
51.4
50.25
51.04
51
51.3
51.3
50.2
51.37
50.5
51.22
50.6
50.92
50.5
50.6
50.08
49.65
49.3
50.7
50.8
50.65
50.6
50
49.5
49.5
50
50.8
51.35
50.8
50.15
50.35
50.63
50.1
50.55
51
50.4
50.85
50.45
50.6
50.7
50.28
50.2
49.6
50.05
50.2
50.25
50
50
49.48
49.82
51
51.4
51
50.45
50.9
50.9
50.5
50.1
50.22
49.76
49.9
50.03
49.65
49
49.37
49.76
50.42
49.85
49.8
50.2
50.69
51.34
51.83
50.9
50.73
50.9
50.1
49.65
49.7
51.2
51.1
50.9
51.4
50.7
50.05
49.8
50
50.1
49.72
50
49.3
50.28
51.38
50.6
50.9
50.6
50.5
50.8
50
50.59
50.59
50.7
50.95
50.9
50.5
49.12
49.76
50.9
50.65
50.2
50.3
49.7
51.2
50.8
50.65
51
50.9
50.45
50.2
49
49.85
49.85
50.8
51.05
50.6
50.68
51
50.75
50.75
50.45
50.4
50.42
50.58
49.85
49.05
49.95
51
51.3
50.4
50.8
51.1
51.2
50.7
50.65
50.48
51.08
50.9
50.1
50.47
50.7
50.58
50.35
50.18
49.87
50.3
51.28
51
50.02
49.64
49.7
50
49.9
50.02
49.82
50.28
50
49.75
49.9
51.5
50.9
50.9
50.1
49.36
49.4
49.82
49.36
49.65
49.46
49.92
49.45
49.36
49.66
49.66
50
49.9
49.4
49.8
49.8
49.7
50.8
50.09
49.66
49.6
49.68
49.98
50.3
49.5
50.5
49.85
49.7
49.62
49.6
49.86
49.3
50
49.55
49.7
49.8
50.4
49.88
50.2
50.4
49.7
49.8
49.8
49.2
49.9
51
50.2
49.5
49.22
50.3
50.08
49.85
50.25
50.69
50.1
49.8
49.7
49.6
48.9
49.83
50.62
49.82
49.6
49.7
49.56
50.5
50
50.4
50.08
49.9
50.65
49.6
48.9
49.9
50.6
50.9
50
49.35
50.13
49.6
49.6
49.6
49.4
50.45
50.1
50.22
50.12
49.9
49.8
50
50.35
51.15
51.05
51.3
50.15
51.1
51
50.2
50.9
50.5
50.6
50.2
50.5
50.5
51.05
50.7
50.2
50.9
49.85
50
50.8
50.7
50.3
50.1
49.8
48.7
51
50.5
50.52
50.9
50.6
50.4
50.1
51
50.8
50.7
50.2
50.65
51
50.4
50.5
50.7
50.05
50.6
50.9
50.1
50.65
50.8
50.64
50.8
50.86
50.8
50.8
50.35
50.9
50.35
50.6
50.2
50.35
50.42
50.4
50
50.5
50.04
49.8
50.04
49.8
49.8
49.9
49.85
50.1
50
50.05
49.8
50.4
50.6
50.45
50.9
50.8
50.4
49.85
50.2
50.5
50.5
50.6
50.85
50.7
49.95
50.4
50.7
50.68
50.6
50.78
50.58
50.32
50.5
49.4
49.84
50.6
50.8
50.5
49.8
50.15
50.4
50.04
50
50.65
50.15
49.8
49.03
50.2
50.8
50.3
50.55
50.6
50.18
50.18
50.6
50.05
50.95
50.8
50.48
50.18
49.82
50.2
50.57
50.6
50.4
50.62
50.62
50.22
50.4
50.4
50.22
49.4
50.1
49.4
49.2
50.2
50.3
50.3
50
50.05
49.5
49.4
50.85
51.3
50.06
50.9
50.42
50
49.9
50.1
50.42
50.1
49.6
50.1
49.06
49.6
50.5
50.6
50.6
50.1
50.18
49.2
49.2
49.55
49.8
50.05
50
50.18
49.7
50.7
49.8
49.85
50
50
49.85
49.85
50.55
49.92
50.4
50.28
50.4
50.5
50.35
49.4
50.62
50.75
50.25
50.55
50.85
50.3
51.1
50.8
50.45
50.48
50.55
50.5
50.18
51
50.25
50.4
49.85
50
50.12
48.7
48.75
49.95
50.2
50.2
50.44
50.4
49.64
50.9
50.9
49.7
49.42
49.25
49.42
49.7
50.3
51.02
50.88
50.4
50.25
50.22
49.6
49.5
50.4
49.8
49.6
49.48
49.68
49
49.6
51.3
50.18
50.18
50.1
50
50
50.1
50.9
50.4
50.9
50.32
50
50.4
50.22
50.86
50.82
50.32
50.3
50.82
50.2
50.45
49.82
50.62
49.6
50.48
50.56
49.6
49.48
50.4
50.28
50.4
50.4
50.1
49.8
50.42
50.1
50.45
50.94
50.8
50.7
50.5
50.5
50.05
50.2
50.1
50.32
50.6
50.4
50.1
50.05
51
50.9
51
50.8
50.6
50.4
50.5
50.9
50.65
50.92
50.64
49.9
50.2
50.5
50.6
50.3
50.5
50.9
49.9
50.4
49.2
51
50.4
50
50.1
50.2
50.7
49.6
49.7
49.64
49.9
49.9
49.7
51
50.1
49.8
49.8
49.8
49.92
50.1
50.6
50.55
50.3
50
49.6
49.3
49.4
49.9
50.56
50.25
50.4
50.3
49.92
49.25
50.19
50.28
50.95
50.95
51
50.05
50.05
50
50.6
50.8
50.78
50.9
50.9
49.6
50.4
50.7
50.82
50.82
50.85
50.6
50.7
50.3
50.32
50.3
50.12
49.67
49.6
49.6
49.65
50.5
50.45
50.05
50.2
50.2
49.8
49.8
51.05
50.45
50.2
50.18
49.8
50.3
51
51.5
50.4
49.9
49.65
49.6
49.35
49.35
51
51
50.3
49.6